time,x,y,z,phi,theta,psi,x_velocity,y_velocity,z_velocity,phi_velocity,theta_velocity,psi_velocity,rotor_speed1,rotor_speed2,rotor_speed3,rotor_speed4
0.06,7.12494844194444e-08,-5.175076990490669e-08,10.00152560586694,6.282858378809049,6.282895429454747,0.0,1.38600585703748e-05,-1.4201295038094015e-05,0.050852111620095466,-0.019523070645650703,-0.016864382008633307,0.0,421.7751371936191,420.3164585342452,421.8335956136729,420.14471629711494
0.12000000000000001,1.1806732190955149e-05,-1.3694664952690966e-05,10.01036792161603,6.281638986780408,6.2821298511262444,0.0,0.00047899566681426913,-0.0005789080092821102,0.24386946410341798,-0.021973352117708803,-0.00560648278427047,0.0,465.2680463114527,466.14857360767235,465.3649681482709,465.17320689346053
0.18,6.803379281997948e-05,-9.34213338598358e-05,10.032409161129308,6.280108760514057,6.282177102616627,0.0,0.0014101343615787753,-0.0022533738065691664,0.4907644467346881,-0.03371183585966026,0.01121760634920634,0.0,480.41523333166845,481.6889914177726,482.0921047012214,481.2043958338557
0.23999999999999996,0.00017233705904828978,-0.0003058128854203208,10.066633158096325,6.278305798717138,6.282980180243779,0.0,0.0019844623941785914,-0.00503701996964427,0.6499572008092078,-0.023580907429581677,0.01740004601419236,0.0,454.7086066406157,455.20341938425275,455.7816594261744,456.59021456509396
0.3,0.0002914829899408909,-0.0007176582880529816,10.109319949090516,6.2770308052092325,0.0010143438572738361,0.0,0.001867193247335289,-0.008832138726186494,0.7728595089849633,-0.016954234593878674,0.025611121909118115,0.0,444.1271308697347,444.7999672990076,444.3936937377715,444.936465362088
0.36000000000000004,0.00037962946264721257,-0.0013646939899334823,10.156484562847645,6.275734467111459,0.0023473878589621577,0.0,0.000939354487996174,-0.01283902981805063,0.7992750952792783,-0.03307212873091194,0.014379519718366852,0.0,413.2582489351383,412.2672441334361,414.98930826537344,413.57219947011464
0.4200000000000001,0.0003867135568849524,-0.002288448606233922,10.206393740483113,6.273554573455977,0.0033358242807883798,0.0,-0.0007930149148196182,-0.018153104400455772,0.8643149450967701,-0.04380948448317451,0.020364096903564,0.0,425.9196382407099,426.4310216988788,426.9580896061369,426.0404582653509
0.48000000000000015,0.00026488704750296196,-0.00358879712139574,10.26145864455755,6.270830006945744,0.00442447430634374,0.0,-0.0033869999000141534,-0.02546648300907418,0.9710933883185549,-0.048817293405765766,0.013287289485009705,0.0,439.9660115370512,439.3797182798093,440.1998965619585,439.7841252319379
0.5400000000000001,-1.8743590664951835e-05,-0.00534279262248744,10.319589432896572,6.267935263584279,0.005532305561171569,0.0,-0.006151203177041745,-0.03325206381298932,0.9665995091247509,-0.04712678412629824,0.0272026565780395,0.0,402.857054307064,404.11317661510697,403.2036749196429,403.3546686478987
0.6000000000000002,-0.0005018146807669355,-0.007646065381299771,10.379456334353405,6.264990713615347,0.007217507160365955,0.0,-0.010110857647717828,-0.0438008475379139,1.0289038272693924,-0.05328893060143864,0.02979834212751995,0.0,425.3505068781451,425.57296213517304,426.33066933863876,425.8022768279603
0.6600000000000003,-0.001280083617316201,-0.010701413095368019,10.446272299404109,6.261424083254013,0.008685681798540124,0.0,-0.01601636670525729,-0.05841582305881625,1.1981236921787648,-0.07607267316232302,0.010808328432288886,0.0,459.85738688915075,458.35090359027254,460.7152041761837,458.9079204937064
0.7200000000000003,-0.0024122116812064637,-0.01464585062293834,10.519941250168706,6.256966027959928,0.0091536412391644,0.0,-0.02177504842599101,-0.07349683587765603,1.2574331909361203,-0.07097584826381545,0.000975457068361702,0.0,425.7498974122424,424.9077584427589,425.08871386521673,425.52060384184955
0.7800000000000004,-0.0039029550779706803,-0.01959796595638163,10.597799685407105,6.2523668211519166,0.009443434219241098,0.0,-0.02793377473072475,-0.09200671596254786,1.337744026546904,-0.09151629628942702,0.011598655588968419,0.0,432.28329430107755,433.17737975686737,432.7240751574094,430.98662524238324
0.8400000000000004,-0.005796262663497876,-0.025840098474162024,10.68306310065899,6.246634386226278,0.009641447430237093,0.0,-0.03523613922830387,-0.116683806577828,1.50414302525966,-0.10512570726007257,-0.023653739209298377,0.0,461.0122086572534,458.21856297788054,459.6859592222968,458.5987830269704
0.9000000000000005,-0.008115172532550825,-0.03366015482029039,10.777350782206819,6.240144368419468,0.008968849613956387,0.0,-0.04195505697740613,-0.14466244135876277,1.6385687899415307,-0.11506731230026244,0.006233360947943066,0.0,449.6742590601777,452.0886756333808,449.7087578262197,448.8925943758261
0.9600000000000005,-0.010816350701132413,-0.04324019846927138,10.878300328546919,6.233070325479254,0.008846424420755561,0.0,-0.048105978392564405,-0.17536634062920864,1.726252531038784,-0.12426688746222513,-0.028839525172148585,0.0,437.5706954002261,434.6413959086896,436.02958971408395,435.2475549302545
1.0200000000000005,-0.01386365866512763,-0.05473441291602148,10.983072971087614,6.225507198954693,0.006947463865786041,0.0,-0.053302005344846214,-0.20847034257030533,1.7660688000943459,-0.12988135870972478,-0.03796115819099299,0.0,421.1337759428488,420.3436559397136,420.86527229440406,420.3635875767804
1.0800000000000005,-0.017212814097881314,-0.06860973645425411,11.094466727080137,6.21760765228975,0.004698927789720031,0.0,-0.05807645705822788,-0.25491743099836284,1.9467077707320493,-0.13547095715683236,-0.0365219770317526,0.0,464.8290784787136,464.9412428466293,465.7598056306273,465.3073794653048
1.1400000000000006,-0.020792380961442,-0.08538776365297658,11.215675143528571,6.209515798366116,0.0024079457308916474,0.0,-0.060997126867529845,-0.3052165437245943,2.0932481817249378,-0.13367887038053883,-0.04173035171889718,0.0,456.242269434585,455.8255914530341,455.15809179933115,455.2851707122477
1.2000000000000006,-0.024498951885866014,-0.10550090742600254,11.347505572069743,6.201317728063739,6.282697376997824,0.0,-0.062241478307340364,-0.3661476027949318,2.300621006050221,-0.14331184196494126,-0.0663982333640928,0.0,475.244305709881,473.3484306133717,475.2260014680631,474.47104016456234
1.2600000000000007,-0.028208342248887727,-0.12918424350790508,11.488363046515104,6.192624224817717,6.278509514032811,0.0,-0.060992041950495894,-0.4241553560825655,2.394347832098517,-0.1482508021906589,-0.077647168147215,0.0,440.8882455022061,439.9540739919931,441.6013429705059,441.1739485066162
1.3200000000000007,-0.031728401266445404,-0.15696538122914175,11.63956463514274,6.183817714350585,6.274183968591117,0.0,-0.055788304974085934,-0.5029321380567705,2.645031709701438,-0.14397940739515844,-0.0628203226431004,0.0,489.07373807528296,490.1731997449408,487.7089391882248,488.0097608935482
1.3800000000000008,-0.03487799398416737,-0.18919987762827917,11.800906442705186,6.175440386929083,6.270160722570228,0.0,-0.04880996897301838,-0.5723821634061972,2.732709300842269,-0.13209392936666486,-0.07725246401081441,0.0,442.0681721987374,440.8738707383621,440.12267273180504,441.0868760791531
1.4400000000000008,-0.037539758748165356,-0.22564563510022978,11.966358383310062,6.167328414589244,6.265823760568242,0.0,-0.03949257606274508,-0.6432217375166079,2.7821210339527793,-0.14226532084146948,-0.06384595250224806,0.0,428.85261783668,429.98554472681843,429.8399286227463,428.95940178671333
1.5000000000000009,-0.039570612177492,-0.2664519228990245,12.134347596370453,6.158631163772235,6.263150296768085,0.0,-0.027916088990076634,-0.7177750088006143,2.8173028494502574,-0.15095403361072915,-0.02116900005306148,0.0,423.71072675517803,427.36217315627323,425.3853137553501,424.61983542842574
1.560000000000001,-0.040716196075229326,-0.31281843420727323,12.31168669486414,6.149324549757861,6.262404353809423,0.0,-0.010160368809576728,-0.8288588070655185,3.093091128555203,-0.16507133352693454,0.0009598238521805868,0.0,498.8929578640877,500.506169051151,498.70998205170434,497.6576807636587
1.620000000000001,-0.040839826292487814,-0.36572219631223796,12.502798870653919,6.13969930877154,6.2622256887572085,0.0,0.006033133962559227,-0.9356454282558072,3.2765942627564684,-0.15245670871724756,-0.012323974841300734,0.0,474.8744171379471,473.8543895945522,473.313563539186,474.26058215724953
1.680000000000001,-0.040080044429069,-0.42459947579048507,12.70040763012282,6.130826697300606,6.261717815714945,0.0,0.019347189079271025,-1.027747725281726,3.310088753557818,-0.1400169439878351,-0.0016882666381990313,0.0,428.78820830502804,429.690938312511,427.6950604627657,428.73174953128046
1.740000000000001,-0.038535630207816036,-0.48901220659504335,12.89899372441107,6.122298597749406,6.261465643931404,0.0,0.032147439674922576,-1.1200845120285425,3.3092754312143735,-0.14674277148946083,-0.009777642074658883,0.0,418.4689781993847,417.7642614335426,417.97666982363114,417.3697735504156
1.8000000000000012,-0.03612059823790409,-0.5598372414444112,13.101883367596487,6.1132502780950535,6.261153228113873,0.0,0.04839060519446169,-1.24164804246628,3.453042475028284,-0.16049496891334697,0.0026481930682538237,0.0,463.9360273805101,464.9107577570104,465.43240565321906,464.33431869474265
1.8600000000000012,-0.032783210300933646,-0.6377245396298775,13.310849263621092,6.104186714731437,6.261602523399148,0.0,0.06281890506192012,-1.3554589073974557,3.5120637753998296,-0.13686239099160596,0.015740281857540592,0.0,439.55625733834853,440.6398472767512,437.99503175766966,439.93392444359847
1.9200000000000013,-0.02864464891874811,-0.722171078483953,13.520886707977928,6.0958450343273025,6.262594159026708,0.0,0.07505050798337053,-1.4601395464813318,3.489045413945538,-0.14374917765610257,0.018056422314057692,0.0,412.1695219513577,412.37411866663933,414.3226013706614,413.697084571391
1.9800000000000013,-0.023809278498952903,-0.8128710756915591,13.728605339772942,6.08791662180159,6.264318262819067,0.0,0.08601235325117021,-1.563886350734127,3.434864931912912,-0.1155634560282163,0.044334987222374674,0.0,401.735870019579,404.11210334392774,401.04251422210916,403.57598527433333
2.0400000000000014,-0.01827538640878035,-0.9106997330333947,13.936944352054281,6.081353980831901,6.266691774926089,0.0,0.098189846333996,-1.6976953049407901,3.509297820607864,-0.09923628538310782,0.02770333521302011,0.0,446.305121028902,444.9462860474578,445.4714556745059,446.7939553968195
2.1000000000000014,-0.012085381921517611,-1.0163171231778267,14.147904772131026,6.0755744144652155,6.268213874341935,0.0,0.10799561274158503,-1.8234155935098904,3.5224575552866613,-0.09106619630825723,0.020234052233342396,0.0,426.56408629689696,425.925859330942,427.17064753365895,427.85847432344246
2.1600000000000015,-0.005329123156359932,-1.129659128825796,14.35996405912353,6.0700427927246405,6.2698350458832905,0.0,0.11707604398426852,-1.9551543746451396,3.54588520125358,-0.09454802227884691,0.03796801403628311,0.0,430.26528584402234,431.7643482517538,430.89262266658955,430.59068806455866
2.2200000000000015,0.0019941370809409623,-1.2519363888465722,14.577632948773457,6.063887461328644,6.271751155480825,0.0,0.12677953296571406,-2.1213028074878584,3.708912329040472,-0.12794808283940962,0.015763294802899536,0.0,476.2830917337913,474.5819946422165,477.0105589818547,474.4439035637257
2.2800000000000016,0.009768869689365123,-1.3825499216897275,14.797070150583114,6.056127117011934,6.272384962890946,0.0,0.13232014098588377,-2.233138910543872,3.605751323370462,-0.13227390595966865,-0.0026667737931164864,0.0,390.83200366952093,389.11019419549893,388.93004494501673,388.50666766609345
2.3400000000000016,0.017971406026098428,-1.522150183748905,15.019542688095155,6.047887074480471,6.272878393467412,0.0,0.14106050424165636,-2.4209985337312587,3.808881451294804,-0.1500842734863453,0.024055243760579766,0.0,487.6340780516472,489.62622495270034,490.5405399158039,489.20029750718794
2.4000000000000017,0.02662589326648365,-1.671967132999822,15.248906216091838,6.038881839403004,6.274179508946949,0.0,0.14728969883044896,-2.573713922249869,3.836075062537585,-0.1500932003159861,0.016465795048940156,0.0,437.1667542289822,436.5338632192686,437.18390388442697,437.1615680312158
2.4600000000000017,0.03561118234890458,-1.8305838300970234,15.477697164177446,6.029876289534684,6.275111121160112,0.0,0.15213963903860217,-2.7142964603874016,3.790070551285704,-0.15009109458484243,0.013579703941310589,0.0,412.84954284252217,412.5947082312147,413.95015371575687,413.9273364594707
2.520000000000002,0.044887510571883796,-1.9982801155391285,15.705542692704952,6.0207782644184356,6.275649344994456,0.0,0.15700431364976522,-2.876394552528985,3.804283390572226,-0.15490840117378737,-0.002367750183173878,0.0,435.48658249084076,434.1503534833324,434.1840767481783,433.75739022904907
2.580000000000002,0.054466656271671125,-2.1765056433638694,15.936493158373926,6.0115407777435745,6.275700729884981,0.0,0.16229986014975822,-3.0653120034917163,3.893207786259416,-0.15212448945632787,0.006630495804887889,0.0,459.71029892388134,460.42281061696053,459.30024188277685,459.49946310866716
2.640000000000002,0.06434765151851529,-2.3658033018398066,16.171054085856568,6.002309975171563,6.276098279405728,0.0,0.16702540822030784,-3.2454380722371674,3.9248421229833426,-0.15753003496309148,0.006616482503845282,0.0,443.438387623192,443.43712947840754,443.13562999705334,442.6685322348743
2.700000000000002,0.07449800062649821,-2.5658437442600888,16.406573844015636,5.993058634999876,6.276434220882063,0.0,0.17128378753191215,-3.4234121220559985,3.9252662971752197,-0.1482349047772899,0.003482155027353364,0.0,433.850508772257,433.5871374632187,434.467347368925,435.2229817478135
2.760000000000002,0.08490829507090339,-2.777179140318012,16.64350751347408,5.9837135623376945,6.276242084910402,0.0,0.1757162246817968,-3.6219161566358524,3.971734684057456,-0.1782799919382083,-0.02197047563564073,0.0,452.1907508984767,450.13551171114625,451.5084130886139,449.0540670697395
2.820000000000002,0.09557807303634812,-3.000001376861653,16.88113592997745,5.973148341493058,6.2755373526165545,0.0,0.18002570916504393,-3.806423696624918,3.94864853149784,-0.17203248960898407,0.003357813080679492,0.0,428.42586756687433,430.57437436047303,429.07646080006697,429.57550520570334
2.880000000000002,0.10653244901724811,-3.234813637538857,17.119538492932964,5.963322304819254,6.275738717232425,0.0,0.18509527223580285,-4.021545061873681,3.997173402343755,-0.15095750663040916,0.003352604202629585,0.0,454.5168689873728,454.51638496847124,453.7166991716324,455.3804790876025
2.940000000000002,0.11777840934880197,-3.482389798399566,17.359715377468913,5.9538670294994205,6.276105375741672,0.0,0.18973924993675456,-4.231814565860367,4.007959871093759,-0.1760903184926698,0.011124562354608939,0.0,443.2924251185179,443.93061085455815,445.76883484973706,443.6858164149417
3.000000000000002,0.12929321711897343,-3.742733273515598,17.600310530891925,5.943281032366368,6.276864235895584,0.0,0.19401735679591225,-4.447228827915574,4.011048217036917,-0.17712715454722522,0.01553194966450187,0.0,442.50699756900235,442.86959821826366,444.1921886112451,444.0771175810676
3.0600000000000023,0.14104244089076134,-4.015841351417019,17.83994268969854,5.932821783410414,6.277803446065668,0.0,0.19753895329654758,-4.657298953217817,3.9760054279007426,-0.1692349141881913,0.015895496119224025,0.0,432.8264027944313,432.85691220330574,431.6200711971048,432.25549763490807
3.1200000000000023,0.1529874822335032,-4.301875660665546,18.07770528434821,5.922583364462298,6.279108685161988,0.0,0.20052386025071098,-4.878077470927539,3.9486523682409636,-0.1736061821959005,0.03145299799701826,0.0,435.5148335229955,436.8143796566418,437.29779894485864,436.904965733766
3.1800000000000024,0.16510296943321143,-4.603061610327444,18.318208398119257,5.912091459560052,6.280837414436363,0.0,0.2031161362470277,-5.162327093632241,4.066500752935746,-0.17750580797253604,0.02292534841689924,0.0,485.6524311321776,485.0124519818538,485.98412204627124,485.6651024407489
3.2400000000000024,0.1773250795436016,-4.919592997400252,18.560631780438182,5.901204796813705,6.282022479482645,0.0,0.20417511452144146,-5.389657622860939,4.013507734818594,-0.19077529989428846,0.012496846305802075,0.0,433.49051342837896,432.613113196262,433.89960424969996,432.75093735706054
3.3000000000000025,0.18959626635202004,-5.2515921315238625,18.80375809407536,5.889757091869839,6.2827761550051235,0.0,0.20478242730000284,-5.677912140614693,4.089089108766823,-0.19083461371054283,0.012689771636218108,0.0,477.3181493227134,477.3327415936832,478.1440179059699,478.1068696357934
3.3600000000000025,0.2018864175912843,-5.600673234214342,19.0501306455317,5.878264434134124,0.0008599960372475124,0.0,0.20478225205645112,-5.959052767809347,4.12186668986091,-0.19300042037258114,0.034215427191358505,0.0,466.7078542627402,468.38522359345995,467.54533964669884,467.3427696587755
3.4200000000000026,0.21414618121742796,-5.966709649956029,19.297937888878593,5.86618000269843,0.0033628582128368834,0.0,0.20364876336372048,-6.243097216086815,4.13691106438521,-0.22894747435799706,0.053582965476007334,0.0,464.06164044488696,465.5805366158009,466.53063498372956,463.6753819637019
3.4800000000000026,0.22627295141556408,-6.351184935613669,19.549022893867285,5.852214325950879,0.006252175951002137,0.0,0.20023595099333996,-6.573766015971013,4.230377427465341,-0.24173459209695944,0.034160494246847965,0.0,493.91768148104154,492.4840218714954,494.2906337291388,493.2989429609172
3.5400000000000027,0.2381778741612236,-6.753042656107243,19.799504463349702,5.83756920729485,0.00825083486215128,0.0,0.19643540264750303,-6.822630913921997,4.118002931214974,-0.24924653029301208,0.03155577709207783,0.0,430.1290434110392,429.90881718771993,429.3478802649527,428.64782598589625
3.6000000000000028,0.24983581087266848,-7.169411151705504,20.041677289610096,5.822694900816959,0.010801172976816709,0.0,0.19199871872337432,-7.057495915729349,3.9536576374968293,-0.24535403972621542,0.0583967946960186,0.0,411.23965545700867,413.6120626027108,413.1534891036109,413.4299885869381
3.660000000000003,0.2611911317447869,-7.599940104291813,20.273491832406794,5.807829462906,0.01397529428984079,0.0,0.18627586188682016,-7.2946475294412245,3.7727461196732146,-0.2530459672852824,0.03867672911392774,0.0,408.9943747596934,407.23575441430506,409.4014957011656,408.6488543676868
3.720000000000003,0.2720903848933061,-8.047198908127557,20.498656706202542,5.7926736534647585,0.01641726967611934,0.0,0.17682399603555668,-7.6150448794882575,3.730884968276206,-0.2517152108358644,0.04446507287002773,0.0,460.7714745402066,461.22975367065146,461.3629715240071,461.40659251655165
3.780000000000003,0.2824405301912306,-8.512157331429682,20.71769825808398,5.778353625529872,0.019020736782916714,0.0,0.16798893545330373,-7.884697905596827,3.5693957240885945,-0.22065382964141475,0.04115241928490057,0.0,422.3069520047365,422.02218919182087,421.56758053325194,424.1824542576164
3.840000000000003,0.29227553879464235,-8.992199406053498,20.924455405978645,5.764750725025809,0.021811140625471737,0.0,0.1596781922199995,-8.1178979729242,3.321980877238305,-0.24295165451398137,0.05549742088618995,0.0,390.28614634623864,391.62473374452196,392.97188918796223,390.83928704403706
3.900000000000003,0.30140597049073664,-9.490224411085395,21.122777489040516,5.750607129343599,0.02493532391275277,0.0,0.144382601905547,-8.48384470567313,3.2864974804437557,-0.2242242742790916,0.04414266082472129,0.0,473.1130751075759,472.23936311379373,471.8238380918431,473.2156347588976
3.960000000000003,0.30944343691921355,-10.012840277273973,21.322659092649296,5.736926174760928,0.02751607275036072,0.0,0.1232802837923672,-8.937266778077566,3.3729203508281205,-0.23692758132836989,0.04065118484170925,0.0,517.5477405025073,517.3026190706947,518.8991507290123,517.9626589256192
4.020000000000002,0.3164653582414339,-10.55720229143669,21.517930948603304,5.722619532852956,0.0297624688117617,0.0,0.11063379324458242,-9.20929045868469,3.135115840568503,-0.24165688453554818,0.030089588031231684,0.0,410.3687069595073,409.4305752004628,411.57518579751405,411.09442514907244
4.080000000000001,0.32252079990334553,-11.121319473088922,21.70378630079022,5.707736601238892,0.031149186551577834,0.0,0.09110465410953082,-9.595421801821686,3.057570205619675,-0.2655603172381339,0.003078252568541282,0.0,474.3633635703749,472.28401711654743,475.2352697640671,473.34067957001065
4.14,0.3274808709906398,-11.70724359339377,21.88213563987355,5.691551314500666,0.031208118053164924,0.0,0.074254181379137,-9.936360948381138,2.8853929675475785,-0.2798149420002374,-0.0035796917573011266,0.0,446.12671723932743,445.5825630629836,445.76878482824304,444.5282707758932
4.199999999999998,0.3314319574520143,-12.313911158356133,22.04986960180323,5.67494290828213,0.0306012421024473,0.0,0.057513794922335056,-10.286839669934242,2.703560342008173,-0.2713946363624227,-0.02826031542672681,0.0,448.67229335240137,446.66343806790127,446.3877769578778,446.9974448322347
4.259999999999997,0.33427987115263463,-12.9440746671521,22.20950082836812,5.658647202073505,0.028572850950606465,0.0,0.03766058421410207,-10.719229330302877,2.614299164969987,-0.27199813689287866,-0.04821401469573578,0.0,487.3153473451535,485.82063570487503,487.1770576557189,487.06449103257637
4.319999999999996,0.3361263613101004,-13.597499100227205,22.359262899234203,5.642545628810229,0.026798210797339017,0.0,0.02407592448978727,-11.062525192649177,2.37570573286438,-0.2619407780079742,-0.006683281509727511,0.0,437.256608586029,440.7034837323896,438.03110233792125,438.79313346912454
4.379999999999995,0.3372922586096672,-14.269272847808722,22.49103886207555,5.626866804507092,0.026568406794680755,0.0,0.014802988220887414,-11.33120876719013,2.0157044229659467,-0.26009094696314267,0.0013401608950137298,0.0,392.7680416033326,393.5118596360553,393.0402631253573,393.1332269907931
4.439999999999993,0.33778856737113855,-14.960063113691326,22.604382947333402,5.610897929021283,0.027015850148218057,0.0,0.0017500045584233062,-11.695996989947469,1.7601183787353372,-0.28236062502265613,0.017512615198536113,0.0,440.0773758567596,441.41441613391277,442.8093500243477,440.9000324185376
4.499999999999992,0.33742440374568367,-15.674623865877852,22.70404545141768,5.593483732931913,0.028378712941448114,0.0,-0.013939382633608352,-12.123246342334342,1.55875328299526,-0.3145911365137547,0.031489104905072715,0.0,468.6001335040478,469.6857341430463,470.88956639201854,468.3061860754022
4.559999999999991,0.33616539958957564,-16.413541205117756,22.789290222550083,5.574321000971729,0.031531518013029114,0.0,-0.02817776281710619,-12.508004193529086,1.2798291873476075,-0.331231033146825,0.07722255920526629,0.0,444.9434793533447,448.6749045075643,448.5160054630732,447.05778000422913
4.6199999999999894,0.33396118919431883,-17.176657918944603,22.858336454087087,5.554470661271118,0.03619700877051635,0.0,-0.045592645863070366,-12.929641188980316,1.018222262628741,-0.3300683983084716,0.07880784387885377,0.0,462.71613496271664,462.8455069795602,462.7497423507058,462.73378783460026
4.679999999999988,0.33065929389130755,-17.96503798867036,22.910847208703533,5.534479956729221,0.040598106336453554,0.0,-0.06474032586680219,-13.350039737867995,0.7285993347424553,-0.3402412717569614,0.059263039225740194,0.0,462.299476288673,460.76009963533795,461.0103045774485,460.0955142749703
4.739999999999987,0.32617306741126745,-18.778515194737103,22.94505318201864,5.515022107534746,0.04382506251803253,0.0,-0.08496274357655206,-13.766155175062895,0.40805139023254555,-0.30364181917315514,0.039607002763880975,0.0,458.7525151134179,457.19016295988865,457.08389286130614,459.88619950459884
4.799999999999986,0.32051413704883597,-19.615959774219874,22.958226007499487,5.497122203233294,0.046605866347667835,0.0,-0.10376437108431172,-14.149168531626811,0.027969766009751013,-0.28942122329518094,0.05723340612719872,0.0,440.76862671563384,442.22485573337616,442.8800589199849,443.95762943537886
4.859999999999984,0.31367946665873814,-20.476848254380062,22.948326790356184,5.479246703666956,0.050371181507123275,0.0,-0.12420958020641909,-14.547517375067804,-0.36123287755286854,-0.3260490650056784,0.07198178127635263,0.0,447.3179463599241,448.5206719575735,449.23912741785097,446.1654657850726
4.919999999999983,0.3055691738188095,-21.36193409028992,22.91460564767485,5.459512413388337,0.05442430363229356,0.0,-0.14629786658732627,-14.955482717969963,-0.766505775463661,-0.3353141532875473,0.056769118676171,0.0,451.59876577925826,450.3727143523784,451.6999654459068,450.84244640633614
4.979999999999982,0.29588364341490786,-22.27448209562534,22.858533464715954,5.439271921570754,0.058174755090229624,0.0,-0.17665887785576975,-15.462129479913822,-1.1075716031326086,-0.34172647338411005,0.07203712168088998,0.0,490.43299964565267,491.56857534798195,491.6493671269448,491.06875194951385
5.0399999999999805,0.2845313969901935,-23.21500288905603,22.778961783528207,5.419055901997,0.06310323275035756,0.0,-0.20189919808648082,-15.888293430306227,-1.5490473301849794,-0.32877178151456854,0.09710328680906795,0.0,460.9319498446411,462.91460876946246,460.0724676978597,460.98510246172873
